X_min =

   71.9704
    5.9988

d =

   0.227845
   0.044199

